 

... ....
.....

ΞΞ
{3}
Ξῖ
3
ἓ
Ξ
ξ),
3
ἒ

 

—94-—

5100 00010 alimento y 01116 105 vestigios (16 yodo y (16 105-
1010 (1116 001111611611 110 11060160 161161 1011101130013 16131160-
1163. Ptousa 1101 00051ςο16016 (1116 105 3061165 (16 11303130
1311 030563111100105 y (16 11131 0101 1111601611 561 166011113230105
0011 16013135 0011 3061165 modom< y 110 1311 desagrada-
bles. 00311110 56 (11506113 611 61105 11113 cantidad (16 301(105
1413505.

1)6 31101 (1116 56 haya 1011001001ἀο 611 13 161311601103 13
Ll'fansna (106 110 65 11135 (1116 306116 (16 olivas 31003156 113
3011601300 (16 1111 5 3 6 QZ, (16 301110 016100.

[⁹msaracz'on——Segmn 1131606, 13 Lz'pam'na 56 01111606 53-
110111110311(10 113101310161116 306116 (16 olivas y descomponien-
(10 1116010 61 ,131100 611 13 11115013 01353 (161 306116, (16 modo
(16 110061· 611 111)6113(1105 acidos grasos,

canamus-La Lipam'na 110566 011 00101 3111311110 010
61 0101 y 61 531101 (161 306116 (16 olivas: 0011 163001011
1111613016016 acida y 65 13011016016 6111111510031316,

Propiedczcz'cs fcmzpcnficas—La Lipanina 110566 1111 1)0(161
1101111110 1110)· 5611311010, 56 dignere facilmente y 1106116
1661111113Ζ31, 611 10(105 105 03505, 31 306116 (16 11101300 (16
0303Μο»

1)61)1(10 3 65135 11101116(13(165 56 13 60111163 611 105
11111301160105 (161 νιῑψκὶΐιᾏυηο, (16 13 (tx'crcfifnla. (16 la tisis
incipiente, (16 13 amunia, 60 135 0011111165060013 y 60 general
60 10(105 105 03505 (16 dchilz'dad ‹n'gcim'ca y de denutri-
sion.

Dacis-A 105 01005 (16 1 3 6 3005 56 165 1)116(16 3(1011-
0151131 (16 1 3 2 00011313(11135 (16 135 (16 16 3 13 11130303 y
01135 1311135 3 13 1100116; 3 105 31101105 61 (101116, 3110160130(10
13 (10515 03013 2 0 3 (11.15.

Lysol

1⁴21 Lyso? 65 1301131611 0113 1116113130100 3 11356 (16 306116
11653(10 (1631(111111311 0001013 61601103.

l'reparacion—Se obtienc 61 Lysa! haciendo hervir (111-
13016 01135 110135 611 1111 3111001316 1131165 10103165 (16 505130-
cm>- gsatffis 31353 (1 306116, 30010 ιεζ11150, >acido 016100 16-
51113 v 306116 11351010 (16 3111011130 (16 031130110511.

[aban-scamfisa-0fistulatas-131 Lyso! 65 1103 111353 06-
01105011, 50101116 60 10(135 135 11101101010365 611 61 agua fria
00100 1111 1311011. Τ3111111611 56 01311606 11(101(10 y 60100065
116116 1111 00101· §⁷ 0101 3031000 3 105 (16 13 61601103.

Ι))ἰψι’ῑιῐιῑ(ίω ἵεκάμῆκίίαω-ΈΙ 1110165111 Gerlach dice quc
61 Lysa! 116116 1111 1101161 {mfl'sc’stsz'w 5111161101- 31 (1613 Creo-

